sample_name	sample_filename	population	Summer1_X	Summer1_Y	Winter1_X	Winter1_Y	Summer2_X	Summer2_Y	Winter2_X	Winter2_Y
AD_A11133	A11133_F7	AD	NA	NA	NA	NA	NA	NA	NA	NA
AD_A11142	A11142_H7	AD	NA	NA	NA	NA	NA	NA	NA	NA
AD_A11146	A11146_O16	AD	-3.61756590764372	49.4563519925756	-2.68497858981132	46.34909229822	NA	NA	NA	NA
AD_A11160	A11160_J7	AD	NA	NA	NA	NA	NA	NA	NA	NA
AD_A11170	A11170_A18	AD	NA	NA	NA	NA	NA	NA	NA	NA
AD_A11173	A11173_C18	AD	NA	NA	NA	NA	NA	NA	NA	NA
AD_A11176	A11176_L7	AD	NA	NA	NA	NA	NA	NA	NA	NA
AD_A11177	A11177_N7	AD	NA	NA	NA	NA	NA	NA	NA	NA
AD_A11382	A11382_E18	AD	-3.60745645165945	49.1360256779882	-6.4185241759178	47.3554030256559	-2.89622680211419	48.9307053318866	-7.63886462719018	48.7319244904315
AD_A11384	A11384_G18	AD	-3.69012099188955	48.9852130832072	-5.22154756232786	47.3889053122958	NA	NA	NA	NA
AD_A11389	A11389_I18	AD	-5.02915624329014	46.838695215379	-3.55490437045834	45.7458427765564	-5.72189496564092	47.2174608425055	-5.80337115947241	46.7139912225134
AD_A11772	A11772_P7	AD	NA	NA	NA	NA	NA	NA	NA	NA
AD_A11774	A11774_K18	AD	-3.38599247953515	48.9191675786335	NA	NA	NA	NA	NA	NA
AD_A11785	A11785_B9	AD	NA	NA	NA	NA	NA	NA	NA	NA
AD_A11786	A11786_M18	AD	-3.7323717329949	49.0561094218425	-5.16084628299967	48.3669530789203	-4.01760532192694	48.8151288552722	-4.8694947057782	48.207075532202
AD_A11788	A11788_O18	AD	-3.76284674628346	49.0741155500582	NA	NA	NA	NA	NA	NA
AD_A11790	A11790_D9	AD	NA	NA	NA	NA	NA	NA	NA	NA
AD_A11791	A11791_A20	AD	-3.74848623166	49.4343145756535	-3.04453512728635	45.6916058445486	-4.33250789588721	48.7571458165559	-2.64049152388989	46.0971810947035
AD_A11793	A11793_F9	AD	NA	NA	NA	NA	NA	NA	NA	NA
AD_A11796	A11796_H9	AD	NA	NA	NA	NA	NA	NA	NA	NA
AD_A11797	A11797_C20	AD	-3.99815786423221	48.6694585752201	-2.24228590079229	45.6062989021689	-4.07056171531868	48.8361415075791	-4.79783025326585	46.9681259778773
AD_A11799	A11799_E20	AD	-3.76661806549338	48.8590574874483	-2.00390419661995	44.8728069505456	NA	NA	NA	NA
AD_A11800	A11800_G20	AD	-2.78108809685701	47.5802327397864	-4.26529875250093	46.9535294641143	-4.82186353474034	48.0895263162376	NA	NA
AD_A11801	A11801_I20	AD	-4.87203553300663	46.6595087281506	-5.48343822952089	43.7287042784475	-5.41656165910992	47.447607706711	-7.93933093955539	45.5795597417007
AD_A11806	A11806_K20	AD	-4.3021716875712	48.6329049921161	-5.17852881474388	48.5045864275645	-4.33304377224091	48.7631634135279	-5.11926546875432	48.5339254660415
AD_A11809	A11809_M20	AD	-3.89251789830876	48.808583298162	-2.61259370570817	45.2694489952398	-4.21243397981128	49.149264513116	-4.1884998519953	47.4871663656616
AD_A11811	A11811_O20	AD	NA	NA	NA	NA	NA	NA	NA	NA
AD_A11813	A11813_A22	AD	-3.68383776864193	49.0068650801175	-3.54808820897607	46.0169645756241	NA	NA	NA	NA
AD_A11817	A11817_C22	AD	NA	NA	NA	NA	NA	NA	NA	NA
AD_A11818	A11818_E22	AD	NA	NA	NA	NA	NA	NA	NA	NA
AD_A11821	A11821_G22	AD	-3.68288553263953	49.0180892115891	-4.87655109225769	47.1052287012481	NA	NA	NA	NA
AD_A11822	A11822_I22	AD	NA	NA	NA	NA	NA	NA	NA	NA
AD_A11827	A11827_K22	AD	-5.11589086836118	47.8259580094074	-2.11862559696352	45.3241342616586	-4.1130140973544	48.7743250270754	-8.29914040735561	45.5798003564225
AD_A11830	A11830_M22	AD	-5.70177636889439	47.1544774449782	-5.64266499049677	47.1468498777458	-5.12326683723585	48.1741319720834	-6.83209003076097	47.3909001531231
AD_A11835	A11835_O22	AD	-4.70358092242343	48.1190229653102	-4.54616906955068	47.2807697653203	NA	NA	NA	NA
AD_A11837	A11837_A24	AD	-3.66748077171678	48.9966106638066	-3.13586521590825	46.5389533397873	-3.95414062931895	48.7890043393166	-5.50711953825147	47.1107804193237
AD_A11841	A11841_J9	AD	NA	NA	NA	NA	NA	NA	NA	NA
AD_A11842	A11842_L9	AD	NA	NA	NA	NA	NA	NA	NA	NA
AD_A11845	A11845_C24	AD	-4.90554905617803	48.1963472479354	-5.44015427948873	47.0889088129813	-4.33697293112705	48.7689696106076	NA	NA
AD_A11847	A11847_N9	AD	NA	NA	NA	NA	NA	NA	NA	NA
AD_A11849	A11849_E24	AD	-4.94886021459022	47.763765614738	-1.66220857756097	43.992870559967	NA	NA	NA	NA
AD_A11850	A11850_G24	AD	-3.68199307164121	49.023418177551	-4.02319424547901	46.987226413978	-3.93915112635841	48.8614421598217	-4.65161350410877	47.3165511938156
AD_A11853	A11853_I24	AD	NA	NA	NA	NA	NA	NA	NA	NA
AD_A11854	A11854_K24	AD	-4.13201486587996	48.6704241903109	-3.78663194521961	46.8939819529679	NA	NA	NA	NA
AD_A11856	A11856_P9	AD	NA	NA	NA	NA	NA	NA	NA	NA
AD_A11858	A11858_M24	AD	NA	NA	NA	NA	NA	NA	NA	NA
AD_A11862	A11862_O24	AD	-5.02460429428166	48.3309533601019	-4.93434784587191	48.4080125424292	-4.93693444464125	48.3851483132476	-5.00102452217395	48.4053455765359
AD_A11864	A11864_B1	AD	-4.02453326930779	49.273873035863	-2.06312893305663	44.0194625447813	-4.71002536209257	49.0608780920084	-2.58914980782932	45.2750397952509
AD_A11865	A11865_D1	AD	-4.7457159263577	48.1141316052412	-2.27320961374415	45.6567165166947	NA	NA	NA	NA
AD_A11868	A11868_F1	AD	-4.72122344898717	48.2194392962315	-4.30544374483972	47.5319227303269	NA	NA	NA	NA
AD_A11871	A11871_B11	AD	NA	NA	NA	NA	NA	NA	NA	NA
AD_A11873	A11873_D11	AD	NA	NA	NA	NA	NA	NA	NA	NA
AD_A11875	A11875_F11	AD	NA	NA	NA	NA	NA	NA	NA	NA
AD_A11877	A11877_H1	AD	NA	NA	NA	NA	NA	NA	NA	NA
AD_A11879	A11879_J1	AD	-4.94379007489282	46.9792876294145	-2.98906988930187	45.3146475556593	-4.11793211758687	48.7616610120656	-5.6187747919158	45.9019577666522
AD_A11881	A11881_H11	AD	NA	NA	NA	NA	NA	NA	NA	NA
AD_A11882	A11882_J11	AD	NA	NA	NA	NA	NA	NA	NA	NA
AD_A11883	A11883_L1	AD	NA	NA	NA	NA	NA	NA	NA	NA
AD_A11887	A11887_L11	AD	NA	NA	NA	NA	NA	NA	NA	NA
AD_A11891	A11891_N1	AD	-3.60358736192098	49.405805091149	-4.99338841254295	47.7731532279437	NA	NA	NA	NA
AD_A11893	A11893_P1	AD	-4.93393041265741	46.8971808800404	NA	NA	NA	NA	NA	NA
AD_A11894	A11894_B3	AD	-3.89317953371791	49.0652142920007	-4.87107393731001	47.0124416025222	NA	NA	NA	NA
AD_A11897	A11897_N11	AD	NA	NA	NA	NA	NA	NA	NA	NA
AD_A11898	A11898_P11	AD	NA	NA	NA	NA	NA	NA	NA	NA
AD_A11899	A11899_D3	AD	-3.71124944553508	48.8785942998874	-4.82520719755138	47.3913191850986	NA	NA	NA	NA
AD_A11901	A11901_F3	AD	-3.65771337975021	49.0391799309877	-5.57298475233056	47.285222175812	NA	NA	NA	NA
AD_A11902	A11902_H3	AD	-3.64917325306352	49.0544655822189	-2.86656501771854	45.3103575284559	NA	NA	NA	NA
AD_A11903	A11903_J3	AD	NA	NA	NA	NA	NA	NA	NA	NA
AD_A11905	A11905_B13	AD	NA	NA	NA	NA	NA	NA	NA	NA
AD_A11907	A11907_D13	AD	NA	NA	NA	NA	NA	NA	NA	NA
AD_A11908	A11908_F13	AD	NA	NA	NA	NA	NA	NA	NA	NA
AD_A11913	A11913_L3	AD	NA	NA	NA	NA	NA	NA	NA	NA
AD_A11918	A11918_N3	AD	NA	NA	NA	NA	NA	NA	NA	NA
AD_A11920	A11920_P3	AD	NA	NA	NA	NA	NA	NA	NA	NA
AD_A11922	A11922_B5	AD	-4.46153282642879	46.7294020741024	-5.38384904775311	47.2082876292049	-3.80200788183096	48.9082700703313	-5.40839954373819	47.9388490206288
AD_A11929	A11929_D5	AD	-4.76574257724216	48.0856516938146	-3.90444492560599	46.4224787230365	-3.94486838302139	48.8400691771783	-4.38473656674243	48.7713535496091
AD_A11996	A11996_H13	AD	NA	NA	NA	NA	NA	NA	NA	NA
AD_A12010	A12010_F5	AD	-3.70667981656243	48.8683494134088	-4.38098520796912	47.6563776035862	-3.69691249646085	48.9139466607744	-4.95352245240038	48.1635618836629
CB_A10999	A10999_D14	CB	-1.37282315008318	43.8963622153048	-2.34103014147345	46.6912511443187	NA	NA	NA	NA
CB_A11001	A11001_F14	CB	NA	NA	NA	NA	NA	NA	NA	NA
CB_A11002	A11002_H14	CB	-1.43948172225943	43.6567966519358	-3.18761445268862	43.5384861228434	-5.41165056270385	43.5585211462669	NA	NA
CB_A11004	A11004_J14	CB	-1.5618792560249	43.572899936515	-3.67121348399646	43.5546583206063	-5.42597457424035	43.5560619130204	NA	NA
CB_A11005	A11005_D18	CB	NA	NA	NA	NA	NA	NA	NA	NA
CB_A11007	A11007_L14	CB	-3.08640703726219	43.4699902426042	-2.59230776209934	43.5677596630346	NA	NA	NA	NA
CB_A11008	A11008_N14	CB	-1.43763663780323	43.6822445610213	-4.00519911415529	43.6426176738833	-5.36953909909297	43.5532804144307	NA	NA
CB_A11009	A11009_P14	CB	-1.43385595376372	43.6844961661492	NA	NA	NA	NA	NA	NA
CB_A11017	A11017_F18	CB	-1.43297480182522	43.6999276520625	NA	NA	NA	NA	NA	NA
CB_A11021	A11021_B16	CB	-1.43580303971919	43.6977655220715	-3.93753486308284	43.6531459249546	-5.23802351173804	43.5360955134669	-4.40931420091279	43.5289348178132
CB_A11022_1	A11022_1_H18	CB	NA	NA	NA	NA	NA	NA	NA	NA
CB_A11022_2	A11022_2_J18	CB	NA	NA	NA	NA	NA	NA	NA	NA
CB_A11024	A11024_D16	CB	-3.48436835373404	43.6140416719711	-3.23112404440027	43.5020268243405	-4.47260997153156	43.5942568504835	-5.16589631059966	43.6799804767558
CB_A11025	A11025_L18	CB	NA	NA	NA	NA	NA	NA	NA	NA
CB_A11026	A11026_N18	CB	NA	NA	NA	NA	NA	NA	NA	NA
CB_A11027	A11027_F16	CB	-1.46023771007188	43.6191648229586	NA	NA	NA	NA	NA	NA
CB_A11030	A11030_H16	CB	-4.23881506276277	43.4278732822699	-3.79411915559575	43.5679951255986	NA	NA	NA	NA
CB_A11031	A11031_2_P18	CB	-1.42943216657172	44.0851701472266	NA	NA	NA	NA	NA	NA
CB_A11032	A11032_B20	CB	-1.46002024124847	44.6149370763159	NA	NA	NA	NA	NA	NA
CB_A11034	A11034_J16	CB	-1.43574279631068	43.7502445595247	NA	NA	NA	NA	NA	NA
CB_A11036	A11036_D20	CB	-1.36354540606781	44.0075521196077	NA	NA	NA	NA	NA	NA
CB_A11037	A11037_L16	CB	-1.35151517571178	43.9686039921178	-1.42309957034591	44.1726897271934	-1.30023078889418	44.8450073593309	NA	NA
CB_A11040	A11040_N16	CB	-1.45906713942791	44.0934062544567	NA	NA	NA	NA	NA	NA
CB_A11041	A11041_P16	CB	-2.7302997907974	43.4926541972806	-3.39840917446986	43.7610600172539	-4.21584619094228	43.5125202517758	-3.13791197892531	46.2134131721528
CB_A11042	A11042_B18	CB	-1.40378464505949	43.8627926016586	-8.60911820579797	43.8546010631505	-9.44061202846889	42.826219991019	-9.40618364407168	42.2617284912786
CB_A11043	A11043_D18	CB	-1.40352361388124	43.7919912411981	-1.79206052104185	43.6939220510739	NA	NA	NA	NA
CB_A11044	A11044_F20	CB	NA	NA	NA	NA	NA	NA	NA	NA
CB_A11045	A11045_F18	CB	-1.34160527558427	44.9683743071599	-3.05620748966359	43.7614903066755	-7.96451320719674	43.710519355952	-9.52071926155594	43.1071807034621
CB_A11049	A11049_H18	CB	-1.54799822727711	44.0049756967484	-5.03989721595203	43.6354980430696	-4.56958380563683	43.5566769241654	-4.8855623259802	43.5413339746013
CB_A11051	A11051_J18	CB	-1.43001597107411	43.6653161389476	NA	NA	NA	NA	NA	NA
CB_A11053	A11053_L18	CB	-1.41523579602108	43.7935299746626	-3.91945563792202	43.6634200550672	-4.49024037582239	43.754292863982	NA	NA
CB_A11057	A11057_H20	CB	NA	NA	NA	NA	NA	NA	NA	NA
CB_A11060	A11060_N18	CB	-1.42665549927534	44.1025637863843	-4.65301018555318	43.5025604892491	-5.54824598571106	44.0331368136262	-4.88689936174907	43.5912697055974
CB_A11061	A11061_P18	CB	-1.64228853155046	43.9956943455451	-3.76026620721033	43.5342230451007	-4.6745295334263	43.5086450224783	-3.1486237974582	43.5084071988013
CB_A11062	A11062_B20	CB	-1.40998595074941	44.0237526970995	NA	NA	NA	NA	NA	NA
CB_A11063	A11063_J20	CB	NA	NA	NA	NA	NA	NA	NA	NA
CB_A11065	A11065_L20	CB	NA	NA	NA	NA	NA	NA	NA	NA
CB_A11066	A11066_D20	CB	-1.50967016868322	44.2180468309443	NA	NA	NA	NA	NA	NA
CB_A11067	A11067_N20	CB	NA	NA	NA	NA	NA	NA	NA	NA
CB_A11068	A11068_F20	CB	-1.43382195127142	43.6867819041128	-1.82091712730386	44.1049334459019	NA	NA	NA	NA
CB_A11069	A11069_H20	CB	-1.36413647407283	43.9031891075929	NA	NA	NA	NA	NA	NA
CB_A11070	A11070_P20	CB	NA	NA	NA	NA	NA	NA	NA	NA
CB_A11071	A11071_B22	CB	-1.45977938267672	44.3004469245982	NA	NA	NA	NA	NA	NA
CB_A11072	A11072_D22	CB	NA	NA	NA	NA	NA	NA	NA	NA
CB_A11073	A11073_J20	CB	-1.41340748720828	43.8016409335973	NA	NA	NA	NA	NA	NA
CB_A11100	A11100_L20	CB	-1.43281314538298	43.6929914765269	-3.69569818486466	43.6442997450957	-5.41816498358996	43.5444188045131	-4.89688671762784	43.6847792564409
CB_A11101	A11101_N20	CB	-3.38447400931679	43.4568332213933	-2.92524395293362	43.6975116461561	-4.49356901313162	43.6193007937778	-4.31916080952312	43.5357449583417
CB_A11102	A11102_P20	CB	-1.73978136346037	46.0176424263425	-2.76088686439348	43.7103055763831	NA	NA	NA	NA
CB_A11103	A11103_F22	CB	NA	NA	NA	NA	NA	NA	NA	NA
CB_A11105	A11105_H22	CB	NA	NA	NA	NA	NA	NA	NA	NA
CB_A11107	A11107_B22	CB	-1.41887291485662	43.8971856843521	-4.94779119250956	43.6260133751217	-5.40421917016131	43.5436987467204	NA	NA
CB_A11109	A11109_D22	CB	-1.39701014500489	43.8279704958303	-2.39780971071141	43.7274102874517	NA	NA	NA	NA
CB_A11110	A11110_F22	CB	NA	NA	NA	NA	NA	NA	NA	NA
CB_A11112	A11112_J22	CB	NA	NA	NA	NA	NA	NA	NA	NA
CB_A11114	A11114_H22	CB	-1.33572851558013	44.9909212764552	-1.95832274342974	43.9551201516349	-4.95903361882054	43.5047090158784	-4.77766716563332	43.6278634898223
CB_A11115	A11115_L22	CB	NA	NA	NA	NA	NA	NA	NA	NA
CB_A11116	A11116_J22	CB	-1.3793121441274	43.8968972410936	-2.87960203803174	43.8061695181501	-4.94471959526565	43.5089904559618	NA	NA
CB_A11117	A11117_L22	CB	-1.41969355787423	43.8657567158446	-1.61828425550412	44.2900786906547	-9.86276252845518	43.1946551983702	-7.64253807336734	45.3158669273886
CB_A11119	A11119_N22	CB	NA	NA	NA	NA	NA	NA	NA	NA
CB_A11120	A11120_N22	CB	-1.4157632623078	43.794320023731	-3.90228633722577	43.606954378969	-4.82317963590921	43.6507587293135	-2.78105163280902	43.662292314865
CB_A11122	A11122_P22	CB	NA	NA	NA	NA	NA	NA	NA	NA
CB_A11125	A11125_B24	CB	-1.4332962769008	44.0523594362428	-3.3160501538925	43.5204958786396	NA	NA	NA	NA
CB_A11126	A11126_D24	CB	NA	NA	NA	NA	NA	NA	NA	NA
CB_A11128	A11128_P22	CB	-1.42522993238534	43.8025955022504	-4.14049656889943	43.4964732537147	-5.54905688502341	43.55720111465	NA	NA
CB_A11130	A11130_B24	CB	-1.31904259807702	44.0782319960377	-3.09549601217145	46.1688860819051	NA	NA	NA	NA
CB_A11132	A11132_D24	CB	-2.2903295004593	43.5969755576232	-2.04540944583332	43.8994770116603	-5.24651960525581	43.5284009065919	-5.34625944129052	43.7375681461745
CB_A11134	A11134_F24	CB	NA	NA	NA	NA	NA	NA	NA	NA
CB_A11136	A11136_H24	CB	NA	NA	NA	NA	NA	NA	NA	NA
CB_A11137	A11137_J24	CB	NA	NA	NA	NA	NA	NA	NA	NA
CB_A11140	A11140_F24	CB	-1.41833062489019	44.2963134157375	-1.4516335565581	44.093420535546	NA	NA	NA	NA
CB_A11143	A11143_L24	CB	NA	NA	NA	NA	NA	NA	NA	NA
CB_A11144	A11144_N24	CB	-1.4290325457133	43.7908692896108	NA	NA	NA	NA	NA	NA
CB_A11147	A11147_H24	CB	-1.48373113703441	44.1883620261142	NA	NA	NA	NA	NA	NA
CB_A11151	A11151_J24	CB	NA	NA	NA	NA	NA	NA	NA	NA
CB_A11152	A11152_L24	CB	NA	NA	NA	NA	NA	NA	NA	NA
CB_A11153	A11153_P24	CB	NA	NA	NA	NA	NA	NA	NA	NA
CB_A11154	A11154_N24	CB	-1.41182096949032	44.0793355167431	-1.88805768761762	44.4208564409673	NA	NA	NA	NA
CB_A11156	A11156_P24	CB	-1.47393301966768	44.0762626327359	-1.79093465125357	43.6646158875871	-5.25313857868632	43.5692695866965	-5.57439895530117	43.8672496182811
CH_A11148	A11148_K21	CH	NA	NA	NA	NA	NA	NA	NA	NA
CH_A11149	A11149_M21	CH	NA	NA	NA	NA	NA	NA	NA	NA
CH_A11159	A11159_O21	CH	-1.19739153177018	49.9275307674663	NA	NA	NA	NA	NA	NA
CH_A11172	A11172_I8	CH	NA	NA	NA	NA	NA	NA	NA	NA
CH_A11174	A11174_A23	CH	NA	NA	NA	NA	NA	NA	NA	NA
CH_A11374	A11374_K8	CH	NA	NA	NA	NA	NA	NA	NA	NA
CH_A11778	A11778_M8	CH	NA	NA	NA	NA	NA	NA	NA	NA
CH_A11857	A11857_C23	CH	-1.3113660976629	49.8186570413773	NA	NA	NA	NA	NA	NA
CH_A11930	A11930_O8	CH	NA	NA	NA	NA	NA	NA	NA	NA
CH_A11931	A11931_A10	CH	NA	NA	NA	NA	NA	NA	NA	NA
CH_A11932	A11932_E23	CH	-2.21247148912539	49.3619726715129	-2.0269528787139	49.3019032529387	NA	NA	NA	NA
CH_A11934	A11934_C10	CH	NA	NA	NA	NA	NA	NA	NA	NA
CH_A11935	A11935_E10	CH	NA	NA	NA	NA	NA	NA	NA	NA
CH_A11936	A11936_G10	CH	NA	NA	NA	NA	NA	NA	NA	NA
CH_A11937	A11937_G23	CH	-1.3244202267192	49.7974855804584	-2.67651358304302	49.7716516053601	NA	NA	NA	NA
CH_A11938	A11938_I10	CH	NA	NA	NA	NA	NA	NA	NA	NA
CH_A11940	A11940_I23	CH	-2.9067898727427	48.9324845058595	-6.47208703451214	47.7790469611139	-3.01526570579923	49.0431088106215	-8.06666913136965	47.5049476853399
CH_A11942	A11942_K10	CH	NA	NA	NA	NA	NA	NA	NA	NA
CH_A11944	A11944_M10	CH	NA	NA	NA	NA	NA	NA	NA	NA
CH_A11948	A11948_K23	CH	-2.79927502831682	48.8483473019163	-6.90719633932389	49.2334917039913	-2.71037879851391	48.8468835340972	-5.5134512721981	48.4378198769354
CH_A11950	A11950_O10	CH	NA	NA	NA	NA	NA	NA	NA	NA
CH_A11951	A11951_A12	CH	NA	NA	NA	NA	NA	NA	NA	NA
CH_A11952	A11952_C12	CH	NA	NA	NA	NA	NA	NA	NA	NA
CH_A11953	A11953_E12	CH	NA	NA	NA	NA	NA	NA	NA	NA
CH_A11954	A11954_G12	CH	NA	NA	NA	NA	NA	NA	NA	NA
CH_A11955	A11955_I12	CH	NA	NA	NA	NA	NA	NA	NA	NA
CH_A11956	A11956_M23	CH	-2.03883386597973	49.8542424886404	-5.54858695332683	47.8668067118353	-3.1763567192398	49.5677030883765	-5.51763796321451	48.929944156743
CH_A11957	A11957_O23	CH	-1.35675381067311	49.8100007876773	NA	NA	NA	NA	NA	NA
CH_A11958	A11958_K12	CH	NA	NA	NA	NA	NA	NA	NA	NA
CH_A11959	A11959_M12	CH	NA	NA	NA	NA	NA	NA	NA	NA
CH_A11961	A11961_O12	CH	NA	NA	NA	NA	NA	NA	NA	NA
CH_A11962	A11962_A14	CH	NA	NA	NA	NA	NA	NA	NA	NA
CH_A11963	A11963_A2	CH	-5.4991242154499	47.6867403216873	-6.037953134963	47.670512331575	-5.30336633174004	48.0630479450412	-5.64674321927846	48.1457533720087
CH_A11964	A11964_C14	CH	NA	NA	NA	NA	NA	NA	NA	NA
CH_A11965	A11965_E14	CH	NA	NA	NA	NA	NA	NA	NA	NA
CH_A11966	A11966_G14	CH	NA	NA	NA	NA	NA	NA	NA	NA
CH_A11968	A11968_C2	CH	NA	NA	NA	NA	NA	NA	NA	NA
CH_A11972	A11972_I14	CH	NA	NA	NA	NA	NA	NA	NA	NA
CH_A11973	A11973_K14	CH	NA	NA	NA	NA	NA	NA	NA	NA
CH_A11974	A11974_M14	CH	NA	NA	NA	NA	NA	NA	NA	NA
CH_A11976	A11976_O14	CH	NA	NA	NA	NA	NA	NA	NA	NA
CH_A11977	A11977_A16	CH	NA	NA	NA	NA	NA	NA	NA	NA
CH_A11978	A11978_C16	CH	NA	NA	NA	NA	NA	NA	NA	NA
CH_A11980	A11980_E16	CH	NA	NA	NA	NA	NA	NA	NA	NA
CH_A11981	A11981_G16	CH	NA	NA	NA	NA	NA	NA	NA	NA
CH_A11982	A11982_I16	CH	NA	NA	NA	NA	NA	NA	NA	NA
CH_A12012	A12012_E2	CH	-1.1674212594657	49.8183439752	NA	NA	NA	NA	NA	NA
CH_A12017	A12017_G2	CH	-1.19886887987545	49.9271923546371	NA	NA	NA	NA	NA	NA
CH_A12018	A12018_K16	CH	NA	NA	NA	NA	NA	NA	NA	NA
CH_A12023	A12023_M16	CH	NA	NA	NA	NA	NA	NA	NA	NA
CH_A12032	A12032_O16	CH	NA	NA	NA	NA	NA	NA	NA	NA
CH_A12040	A12040_A18	CH	NA	NA	NA	NA	NA	NA	NA	NA
CH_A12058	A12058_I2	CH	-1.25547961637037	50.5582556055057	-2.35907797209279	50.4772977416229	-0.816279726205156	49.6244352282474	-2.26617498900746	49.8598681661477
CH_A12078	A12078_C18	CH	NA	NA	NA	NA	NA	NA	NA	NA
CH_A12516	A12516_E18	CH	NA	NA	NA	NA	NA	NA	NA	NA
CH_A12585	A12585_K2	CH	-2.48236596025474	49.8161401604247	-6.28422271481469	48.4975722587017	-2.29207346644598	49.8648048248433	-6.21536003535476	48.1948235728806
CH_A12586	A12586_G18	CH	NA	NA	NA	NA	NA	NA	NA	NA
CH_A12595	A12595_M2	CH	NA	NA	NA	NA	NA	NA	NA	NA
CH_A12599	A12599_I18	CH	NA	NA	NA	NA	NA	NA	NA	NA
CH_A12605	A12605_O2	CH	NA	NA	NA	NA	NA	NA	NA	NA
CH_A12609	A12609_A4	CH	NA	NA	NA	NA	NA	NA	NA	NA
CH_A12610	A12610_C4	CH	-0.513807579453499	49.5325816234649	-5.52933024654379	48.2872095561209	NA	NA	NA	NA
CH_A12617	A12617_K18	CH	NA	NA	NA	NA	NA	NA	NA	NA
CH_A12621	A12621_M18	CH	NA	NA	NA	NA	NA	NA	NA	NA
CH_A12643	A12643_O18	CH	NA	NA	NA	NA	NA	NA	NA	NA
CH_A12644	A12644_A20	CH	NA	NA	NA	NA	NA	NA	NA	NA
CH_A12648	A12648_E4	CH	NA	NA	NA	NA	NA	NA	NA	NA
CH_A12735	A12735_C20	CH	NA	NA	NA	NA	NA	NA	NA	NA
CH_A12755	A12755_E20	CH	NA	NA	NA	NA	NA	NA	NA	NA
CH_A12757	A12757_G20	CH	NA	NA	NA	NA	NA	NA	NA	NA
CH_A12759	A12759_I20	CH	NA	NA	NA	NA	NA	NA	NA	NA
CH_A12760	A12760_K20	CH	NA	NA	NA	NA	NA	NA	NA	NA
CH_A12761	A12761_M20	CH	NA	NA	NA	NA	NA	NA	NA	NA
CH_A12762	A12762_G4	CH	-1.27545157900585	49.8014573586214	NA	NA	NA	NA	NA	NA
CH_A12763	A12763_I4	CH	-2.79527745740627	48.8447922222061	-5.89365713896983	48.6345274550389	NA	NA	NA	NA
CH_A12764	A12764_O20	CH	NA	NA	NA	NA	NA	NA	NA	NA
CH_A12765	A12765_A22	CH	NA	NA	NA	NA	NA	NA	NA	NA
CH_A12768	A12768_C22	CH	NA	NA	NA	NA	NA	NA	NA	NA
CH_A12769	A12769_E22	CH	NA	NA	NA	NA	NA	NA	NA	NA
DK_A10495	A10495_I15	DK	NA	NA	NA	NA	NA	NA	NA	NA
DK_A10499	A10499_A1	DK	2.17663243929785	51.1359744995597	NA	NA	NA	NA	NA	NA
DK_A10500	A10500_C1	DK	2.41669615336719	51.6534275000184	NA	NA	NA	NA	NA	NA
DK_A10502	A10502_E1	DK	4.01658724991796	52.0218462512545	NA	NA	NA	NA	NA	NA
DK_A10503	A10503_G1	DK	NA	NA	NA	NA	NA	NA	NA	NA
DK_A10504	A10504_K15	DK	NA	NA	NA	NA	NA	NA	NA	NA
DK_A10506	A10506_I1	DK	3.83979753286249	51.8809373703943	-2.52589136018209	49.8459680926453	NA	NA	NA	NA
DK_A10507	A10507_K1	DK	2.24251254949249	51.0487130659026	NA	NA	NA	NA	NA	NA
DK_A10508	A10508_M1	DK	1.34515305460594	50.6631251859365	-3.44606803325285	49.5183750445914	-2.4460789806736	49.8430911729949	-3.08404971415182	49.6119726001086
DK_A10511	A10511_M15	DK	NA	NA	NA	NA	NA	NA	NA	NA
DK_A10512	A10512_O15	DK	NA	NA	NA	NA	NA	NA	NA	NA
DK_A10513	A10513_O1	DK	0.342910239464062	50.7141253796589	-1.89020089348597	49.7599934651313	NA	NA	NA	NA
DK_A10515	A10515_A17	DK	NA	NA	NA	NA	NA	NA	NA	NA
DK_A10516	A10516_A3	DK	0.521082393099243	49.8246737606718	-5.12688604114132	48.7399736134484	NA	NA	NA	NA
DK_A10517	A10517_C17	DK	NA	NA	NA	NA	NA	NA	NA	NA
DK_A10519	A10519_E17	DK	NA	NA	NA	NA	NA	NA	NA	NA
DK_A10521	A10521_C3	DK	2.12631636943129	51.0037461377883	NA	NA	NA	NA	NA	NA
DK_A10524	A10524_G17	DK	NA	NA	NA	NA	NA	NA	NA	NA
DK_A10526	A10526_I3	DK	1.11588402106016	49.97648554042	NA	NA	NA	NA	NA	NA
DK_A10527	A10527_K3	DK	0.977212645480755	50.9032862569206	-1.31538859347629	50.1730652024628	NA	NA	NA	NA
DK_A10528	A10528_I17	DK	NA	NA	NA	NA	NA	NA	NA	NA
DK_A10531	A10531_M3	DK	NA	NA	NA	NA	NA	NA	NA	NA
DK_A10532	A10532_O3	DK	1.53818779487991	50.8189398132248	-1.47798687445543	50.1099103422197	-0.315838710295071	50.5964963011403	NA	NA
DK_A10533	A10533_K17	DK	NA	NA	NA	NA	NA	NA	NA	NA
DK_A10536	A10536_A5	DK	1.46305471097339	51.2696448231613	-1.87095165036043	49.8085225830198	1.95004496449396	50.9782551048163	3.24407140122952	52.1635720294147
DK_A10538	A10538_M17	DK	NA	NA	NA	NA	NA	NA	NA	NA
DK_A10541	A10541_O17	DK	NA	NA	NA	NA	NA	NA	NA	NA
DK_A10543	A10543_C5	DK	0.617101859039291	50.811130827133	-1.13695894888084	50.2158527295701	NA	NA	NA	NA
DK_A10545	A10545_E5	DK	1.22283907630841	50.5978699658216	-4.61573189075263	48.9410835743732	-1.20974039826963	49.8739678440364	-3.66336499720989	49.4420011898264
DK_A10550	A10550_G5	DK	NA	NA	NA	NA	NA	NA	NA	NA
DK_A10551	A10551_I5	DK	2.24054872219227	51.1875273781217	NA	NA	NA	NA	NA	NA
DK_A10552	A10552_K5	DK	0.344093592412953	49.759137527247	-5.26568248049185	47.6875146753849	-2.49171632887945	48.7203809258666	-4.72854028136047	47.6880632158827
DK_A10553	A10553_A19	DK	NA	NA	NA	NA	NA	NA	NA	NA
DK_A10555	A10555_C19	DK	NA	NA	NA	NA	NA	NA	NA	NA
DK_A10558	A10558_M5	DK	1.11379982624666	50.4246979862928	-3.34152306099518	49.562986723437	-0.89870100456277	49.9296297328953	-2.98591129132905	49.6376492866901
DK_A10562	A10562_E19	DK	NA	NA	NA	NA	NA	NA	NA	NA
DK_A10567	A10567_O5	DK	NA	NA	NA	NA	NA	NA	NA	NA
DK_A10569	A10569_A7	DK	0.0863107015580669	49.5900361398937	-5.04754481763422	48.6014644538663	-1.80085917060138	49.2534636887709	-4.17093049966377	49.2209493624249
DK_A10572	A10572_C7	DK	-0.612541339906073	49.4870122893183	-5.44609668080943	47.8803005659901	-3.0607004280401	48.7877353577346	-4.73284098470996	47.3378169653422
DK_A10573	A10573_G19	DK	NA	NA	NA	NA	NA	NA	NA	NA
DK_A10574	A10574_E7	DK	1.39080441720998	50.8412836540565	-1.93229401258087	49.5183716057105	NA	NA	NA	NA
DK_A10579	A10579_G7	DK	0.963782812616081	50.5631069229485	-0.431640646614952	49.9214377155814	NA	NA	NA	NA
DK_A10580	A10580_I7	DK	1.81547410592443	51.4960140281861	NA	NA	NA	NA	NA	NA
DK_A10581	A10581_K7	DK	1.14260826117925	50.5789823783682	-0.328642098554348	49.9306156196061	NA	NA	NA	NA
DK_A10582	A10582_M7	DK	0.591329708880116	49.8390106372101	-4.31162682599998	49.0503962240149	NA	NA	NA	NA
DK_A10587	A10587_I19	DK	NA	NA	NA	NA	NA	NA	NA	NA
DK_A10588	A10588_O7	DK	-0.865732976277937	49.4392839531076	-5.24338958222299	48.4904077578376	NA	NA	NA	NA
DK_A10589	A10589_A9	DK	1.56275894306863	50.840620622633	-2.76960506143706	49.7339514160264	-2.13721428892867	49.0627854055554	-2.80628648745301	49.7064549506168
DK_A10590	A10590_C9	DK	2.34198172364818	51.1414169957547	-2.82647966211251	49.6491286836664	NA	NA	NA	NA
DK_A10591	A10591_E9	DK	0.712309694340586	49.8968798931283	-4.53101263701397	48.9192773433928	-1.95038672391966	48.890561455711	-4.99340075333803	48.6711552976845
DK_A10593	A10593_G9	DK	-0.024995859723943	49.9025406460183	-3.97452339342168	49.0001569261705	-2.7368094649945	48.8148374123242	-4.56944102669348	49.019447726546
DK_A10595	A10595_I9	DK	4.11960747046671	52.1125954618917	1.34872128876755	50.7903393895205	NA	NA	NA	NA
DK_A10597	A10597_K9	DK	-1.06377943634318	50.2624261030804	-2.77256283730631	49.7342366631947	-1.44890651920306	50.0047764190656	-1.43444370034167	50.0909911050284
DK_A10600	A10600_M9	DK	-0.527724825925859	49.5287619899414	-6.18642056531635	47.801255971304	NA	NA	NA	NA
DK_A10602	A10602_O9	DK	1.01992882371187	50.4852360225332	-4.7982570162477	46.9000619023639	-2.46209896237274	49.2591110504285	-4.52711492135628	47.5821327071848
DK_A10610	A10610_A11	DK	3.09537409649769	51.5887475282302	-1.47516014528947	50.0754253802303	-2.01363330098171	49.3075149499369	-3.26667315730871	48.9908605773159
DK_A10611	A10611_C11	DK	2.81060816149735	51.3807797379676	-4.54122596106636	48.6697269770785	-2.72412993893961	48.7225597712176	-5.17983980287157	47.7451631988363
DK_A10613	A10613_K19	DK	NA	NA	NA	NA	NA	NA	NA	NA
DK_A10617	A10617_E11	DK	NA	NA	NA	NA	NA	NA	NA	NA
DK_A10618	A10618_M19	DK	NA	NA	NA	NA	NA	NA	NA	NA
DK_A10620	A10620_G11	DK	2.17130263071669	51.1486459386808	NA	NA	NA	NA	NA	NA
DK_A10622	A10622_O19	DK	NA	NA	NA	NA	NA	NA	NA	NA
DK_A10624	A10624_A21	DK	NA	NA	NA	NA	NA	NA	NA	NA
DK_A10625_1	A10625_1_E3	DK	NA	NA	NA	NA	NA	NA	NA	NA
DK_A10625_2	A10625_2_G3	DK	NA	NA	NA	NA	NA	NA	NA	NA
DK_A10627	A10627_I11	DK	NA	NA	NA	NA	NA	NA	NA	NA
DK_A10628	A10628_C21	DK	NA	NA	NA	NA	NA	NA	NA	NA
DK_A10630	A10630_K11	DK	NA	NA	NA	NA	NA	NA	NA	NA
DK_A10632	A10632_M11	DK	-0.506262312693662	50.2964821608418	-2.90106550515582	49.6870658597497	NA	NA	NA	NA
DK_A10636	A10636_O11	DK	NA	NA	NA	NA	NA	NA	NA	NA
DK_A10639	A10639_A13	DK	1.1159882120957	50.4874659169223	-4.88696171254852	46.9073294347095	NA	NA	NA	NA
DK_A10642	A10642_2_E21	DK	NA	NA	NA	NA	NA	NA	NA	NA
DK_A10644	A10644_G21	DK	NA	NA	NA	NA	NA	NA	NA	NA
DK_A10647	A10647_C13	DK	3.70976322363461	51.8201889348702	-4.02777451308783	47.6807928633734	NA	NA	NA	NA
DK_A10650	A10650_E13	DK	2.12193608276845	51.0583943218571	NA	NA	NA	NA	NA	NA
FA_GOC_01	GOC_01_A1	FA	NA	NA	NA	NA	NA	NA	NA	NA
FA_GOC_02	GOC_02_C1	FA	NA	NA	NA	NA	NA	NA	NA	NA
FA_GOC_03	GOC_03_E1	FA	NA	NA	NA	NA	NA	NA	NA	NA
FA_GOC_04	GOC_04_G1	FA	NA	NA	NA	NA	NA	NA	NA	NA
FA_GOC_05	GOC_05_I1	FA	NA	NA	NA	NA	NA	NA	NA	NA
FA_GOC_06	GOC_06_K1	FA	NA	NA	NA	NA	NA	NA	NA	NA
FA_GOC_07	GOC_07_M1	FA	NA	NA	NA	NA	NA	NA	NA	NA
FA_GOC_08	GOC_08_O1	FA	NA	NA	NA	NA	NA	NA	NA	NA
FA_GOC_09	GOC_09_A3	FA	NA	NA	NA	NA	NA	NA	NA	NA
FA_GOC_10	GOC_10_C3	FA	NA	NA	NA	NA	NA	NA	NA	NA
FA_GOC_11	GOC_11_E3	FA	NA	NA	NA	NA	NA	NA	NA	NA
FA_GOC_12	GOC_12_G3	FA	NA	NA	NA	NA	NA	NA	NA	NA
FA_GOC_13	GOC_13_I3	FA	NA	NA	NA	NA	NA	NA	NA	NA
FA_GOC_14	GOC_14_K3	FA	NA	NA	NA	NA	NA	NA	NA	NA
FA_GOC_15	GOC_15_M3	FA	NA	NA	NA	NA	NA	NA	NA	NA
FA_GOC_17	GOC_17_O3	FA	NA	NA	NA	NA	NA	NA	NA	NA
FA_GOC_18	GOC_18_A5	FA	NA	NA	NA	NA	NA	NA	NA	NA
FA_GOC_19	GOC_19_C5	FA	NA	NA	NA	NA	NA	NA	NA	NA
FA_GOC_20	GOC_20_E5	FA	NA	NA	NA	NA	NA	NA	NA	NA
FA_GOC_21	GOC_21_G5	FA	NA	NA	NA	NA	NA	NA	NA	NA
FA_GOC_22	GOC_22_I5	FA	NA	NA	NA	NA	NA	NA	NA	NA
FA_GOC_23	GOC_23_K5	FA	NA	NA	NA	NA	NA	NA	NA	NA
FA_GOC_24	GOC_24_M5	FA	NA	NA	NA	NA	NA	NA	NA	NA
FA_GOC_25	GOC_25_O5	FA	NA	NA	NA	NA	NA	NA	NA	NA
FA_GOC_26	GOC_26_A7	FA	NA	NA	NA	NA	NA	NA	NA	NA
FA_GOC_27	GOC_27_C7	FA	NA	NA	NA	NA	NA	NA	NA	NA
FA_GOC_28	GOC_28_E7	FA	NA	NA	NA	NA	NA	NA	NA	NA
FA_GOC_29	GOC_29_G7	FA	NA	NA	NA	NA	NA	NA	NA	NA
FA_GOC_30	GOC_30_I7	FA	NA	NA	NA	NA	NA	NA	NA	NA
FA_GOC_31	GOC_31_K7	FA	NA	NA	NA	NA	NA	NA	NA	NA
FA_GOC_32	GOC_32_M7	FA	NA	NA	NA	NA	NA	NA	NA	NA
FA_GOC_33	GOC_33_O7	FA	NA	NA	NA	NA	NA	NA	NA	NA
FA_GOC_34	GOC_34_A9	FA	NA	NA	NA	NA	NA	NA	NA	NA
FA_GOC_35	GOC_35_C9	FA	NA	NA	NA	NA	NA	NA	NA	NA
FA_GOC_36	GOC_36_E9	FA	NA	NA	NA	NA	NA	NA	NA	NA
FA_GOC_37	GOC_37_G9	FA	NA	NA	NA	NA	NA	NA	NA	NA
FA_GOC_38	GOC_38_I9	FA	NA	NA	NA	NA	NA	NA	NA	NA
FA_GOC_39	GOC_39_K9	FA	NA	NA	NA	NA	NA	NA	NA	NA
FA_GOC_40	GOC_40_M9	FA	NA	NA	NA	NA	NA	NA	NA	NA
FA_GOC_41	GOC_41_O9	FA	NA	NA	NA	NA	NA	NA	NA	NA
FA_GOC_42	GOC_42_A11	FA	NA	NA	NA	NA	NA	NA	NA	NA
FA_GOC_43	GOC_43_C11	FA	NA	NA	NA	NA	NA	NA	NA	NA
FA_GOC_44	GOC_44_E11	FA	NA	NA	NA	NA	NA	NA	NA	NA
FA_GOC_45	GOC_45_G11	FA	NA	NA	NA	NA	NA	NA	NA	NA
FA_GOC_46	GOC_46_I11	FA	NA	NA	NA	NA	NA	NA	NA	NA
FA_GOC_47	GOC_47_K11	FA	NA	NA	NA	NA	NA	NA	NA	NA
FA_GOC_48	GOC_48_M11	FA	NA	NA	NA	NA	NA	NA	NA	NA
FA_GOC_49	GOC_49_O11	FA	NA	NA	NA	NA	NA	NA	NA	NA
FA_GOC_50	GOC_50_A13	FA	NA	NA	NA	NA	NA	NA	NA	NA
FA_GOC_51	GOC_51_C13	FA	NA	NA	NA	NA	NA	NA	NA	NA
FA_GOC_52	GOC_52_E13	FA	NA	NA	NA	NA	NA	NA	NA	NA
FA_GOC_53	GOC_53_G13	FA	NA	NA	NA	NA	NA	NA	NA	NA
FA_GOC_54	GOC_54_I13	FA	NA	NA	NA	NA	NA	NA	NA	NA
FA_GOC_55	GOC_55_K13	FA	NA	NA	NA	NA	NA	NA	NA	NA
FA_GOC_56	GOC_56_M13	FA	NA	NA	NA	NA	NA	NA	NA	NA
FA_GOC_57	GOC_57_O13	FA	NA	NA	NA	NA	NA	NA	NA	NA
FA_GOC_58	GOC_58_A15	FA	NA	NA	NA	NA	NA	NA	NA	NA
FA_GOC_59	GOC_59_C15	FA	NA	NA	NA	NA	NA	NA	NA	NA
FA_GOC_60	GOC_60_E15	FA	NA	NA	NA	NA	NA	NA	NA	NA
FA_GOC_61	GOC_61_G15	FA	NA	NA	NA	NA	NA	NA	NA	NA
LT_A11180	A11180_H5	LT	-3.91410257211951	47.6607593382393	-1.57620412140846	45.6477523074517	NA	NA	NA	NA
LT_A11181	A11181_J13	LT	NA	NA	NA	NA	NA	NA	NA	NA
LT_A11182	A11182_J5	LT	-2.66939595744981	47.4603777125965	-4.33786962673137	47.7850277036639	-2.88435085204501	47.4318373203627	-4.58838789574082	47.2728688756529
LT_A11185	A11185_L5	LT	-2.56337080178828	47.2426365386151	-1.58729836919879	44.6752877799803	NA	NA	NA	NA
LT_A11188	A11188_N5	LT	-2.60444129195701	47.4283496897007	-2.91141232556901	46.5951521521643	NA	NA	NA	NA
LT_A11189	A11189_L13	LT	NA	NA	NA	NA	NA	NA	NA	NA
LT_A11192	A11192_P5	LT	-2.56856381470869	47.2609746810414	-2.55682527232162	47.148808544829	-2.41733787115772	47.0108646425631	-2.22242382233022	45.0649721416018
LT_A11193	A11193_B7	LT	NA	NA	NA	NA	NA	NA	NA	NA
LT_A11197	A11197_D7	LT	-3.67227544167753	47.6707886668856	-3.40181933761322	46.0401623076377	NA	NA	NA	NA
LT_A11198	A11198_F7	LT	-2.5917868065016	47.2621169342332	-2.61031574233629	46.2575114075081	-5.57607437887722	46.2433711905498	-2.11793405292327	45.1275748762732
LT_A11199	A11199_H7	LT	-2.58587353903796	47.4331187664383	-2.40934276754901	47.1136421148487	-2.26651007364523	46.7933411869629	-2.98297787671868	45.7651230594105
LT_A11200	A11200_J7	LT	-2.58712411394677	47.3714303086575	-4.17868486154247	46.4023657143624	-2.92665134774228	47.444068330853	NA	NA
LT_A11202	A11202_L7	LT	-2.55649108098426	47.2528813705378	-3.13373522067381	46.5713851534558	-1.09965861446264	49.5469803693427	-3.80593359991507	47.027407067187
LT_A11203	A11203_N7	LT	-2.63167245347131	47.2882007950415	-2.46942338000733	45.5812712211045	NA	NA	NA	NA
LT_A11204	A11204_P7	LT	-2.64948628474231	47.4274893434301	-3.39256923040487	47.155956101448	-2.76864988942052	47.3284035978996	NA	NA
LT_A11205	A11205_N13	LT	-2.93285531885827	47.2962891594979	NA	NA	NA	NA	NA	NA
LT_A11206	A11206_B9	LT	-2.4770861999111	47.0869761316525	-1.85767353853805	46.0234870127991	-2.13534371638039	46.5830719133705	-2.57653198831378	46.6832253320543
LT_A11207	A11207_D9	LT	-2.8356751416323	47.2700766533726	-2.1312218747971	43.6847128761779	NA	NA	NA	NA
LT_A11209	A11209_F9	LT	-2.48947764819523	47.0965932198196	-2.59787112154411	45.99065302808	-4.99611603032336	45.7361318019107	-2.28696241506012	45.3500663162269
LT_A11214	A11214_H9	LT	-2.56391912369126	47.2585667134058	-2.75413484455604	46.8902992796686	-4.87049494321595	46.3486128229945	-4.52929268063391	48.1314793692031
LT_A11215	A11215_J9	LT	-3.90734665745023	47.6545953503817	-2.36499771277715	45.9687140354839	NA	NA	NA	NA
LT_A11219	A11219_L9	LT	-2.51018851537949	47.2899251613139	-2.91144515274405	46.7670606765267	NA	NA	NA	NA
LT_A11220	A11220_N9	LT	-2.46061628176341	47.257078901503	-2.5006100647682	46.9835900947648	-2.32119000314635	46.7682411038937	-2.0636134428638	46.3216797725487
LT_A11222	A11222_P9	LT	-3.87708984484453	47.6755801383901	-4.02264243576711	47.485991228957	NA	NA	NA	NA
LT_A11223	A11223_B11	LT	NA	NA	NA	NA	NA	NA	NA	NA
LT_A11224	A11224_P13	LT	-2.64489066622345	47.3885117625115	NA	NA	NA	NA	NA	NA
LT_A11225	A11225_D11	LT	-2.61147421234342	47.4420796289818	-2.77022187496436	47.443097063505	-2.77360467821743	47.3595226586029	-3.05165779480521	47.2525249369126
LT_A11230	A11230_B15	LT	NA	NA	NA	NA	NA	NA	NA	NA
LT_A11232	A11232_D15	LT	NA	NA	NA	NA	NA	NA	NA	NA
LT_A11234	A11234_F11	LT	-2.5310757831473	47.250306065906	-2.62362887716792	46.7035229217604	NA	NA	NA	NA
LT_A11237	A11237_H11	LT	-2.50842775085801	47.3179388515539	-2.66997174417103	46.6834459217612	-2.30714130975362	46.821153055021	NA	NA
LT_A11239	A11239_J11	LT	NA	NA	NA	NA	NA	NA	NA	NA
LT_A11240	A11240_L11	LT	NA	NA	NA	NA	NA	NA	NA	NA
LT_A11241	A11241_N11	LT	-2.38583528875281	47.3597945858552	-2.90196381009119	47.2270284270371	-3.12596772117407	47.6257467865629	NA	NA
LT_A11243	A11243_P11	LT	-2.55536066574406	47.2394818090121	-2.79225890118791	46.8438188758871	-3.23939376107634	46.6095527076294	-2.87978526724017	46.7798331110838
LT_A11244	A11244_B13	LT	-2.56103157399224	47.316860258114	-3.04855978192231	47.3128441963154	-3.08093900690082	47.3589422033982	NA	NA
LT_A11247	A11247_F15	LT	NA	NA	NA	NA	NA	NA	NA	NA
LT_A11248	A11248_H15	LT	NA	NA	NA	NA	NA	NA	NA	NA
LT_A11249	A11249_D13	LT	-2.63398443593835	47.4472029549651	-2.6361759999667	47.1773793605622	-2.80327428241358	47.3792883795912	-3.02178242588785	46.2509963874372
LT_A11250	A11250_F13	LT	-2.46045631565473	47.277145701517	-3.30535288192774	46.5708339711093	-2.25848086739259	46.7710327731722	-3.22861789297347	46.346123884901
LT_A11251	A11251_J15	LT	NA	NA	NA	NA	NA	NA	NA	NA
LT_A11252	A11252_H13	LT	NA	NA	NA	NA	NA	NA	NA	NA
LT_A11254	A11254_L15	LT	NA	NA	NA	NA	NA	NA	NA	NA
LT_A11257	A11257_J13	LT	-2.64519422952774	47.3151779206769	-2.30348407421378	45.306867703521	-3.42584230129841	46.4927955963969	-2.42152330592942	45.543977343958
LT_A11318	A11318_N15	LT	NA	NA	NA	NA	NA	NA	NA	NA
LT_A11319	A11319_L13	LT	-2.49900396654963	47.2725599900293	-2.26424852498712	46.7667644260456	-2.68762093274969	47.2995484598338	-2.2504681394913	46.738236440132
LT_A11320	A11320_N13	LT	-2.55687202099323	47.2589457709743	-3.59062096195527	47.4989088802988	-2.94086761603141	46.6992497352608	-3.03336121046301	47.1980642846856
LT_A11321	A11321_P13	LT	-2.57806530911329	47.2448595253724	NA	NA	NA	NA	NA	NA
LT_A11325	A11325_B15	LT	-2.4506079504953	47.2741568583077	-2.37130996698889	46.7155775505482	-2.50519352602598	47.310869824712	NA	NA
LT_A11327	A11327_D15	LT	NA	NA	NA	NA	NA	NA	NA	NA
LT_A11328	A11328_P15	LT	NA	NA	NA	NA	NA	NA	NA	NA
LT_A11329	A11329_F15	LT	-2.60590650775166	47.3837675717086	-2.6512048393572	46.7389821311336	NA	NA	NA	NA
LT_A11334	A11334_H15	LT	-2.63433421698465	47.4535048967188	-2.62703004618474	47.1606052797845	-3.05304570013828	47.5222204915324	-3.33055249175353	47.3112634937615
LT_A11336	A11336_B17	LT	NA	NA	NA	NA	NA	NA	NA	NA
LT_A11337	A11337_D17	LT	NA	NA	NA	NA	NA	NA	NA	NA
LT_A11338	A11338_J15	LT	NA	NA	NA	NA	NA	NA	NA	NA
LT_A11339	A11339_L15	LT	-2.58327992519288	47.3802559073383	-3.07869425755746	47.251905627957	-2.68482472364798	47.4044471619254	NA	NA
LT_A11343	A11343_N15	LT	-3.65556317330755	47.5313301877707	-4.74440912211557	47.0698280312085	-4.16645582177865	45.9188391167036	-1.77853278475051	45.116897362166
LT_A11345	A11345_P15	LT	-2.51899779375463	47.1429151564006	-2.74507591617616	46.3767575797953	-8.19352758785189	45.7370907264762	-9.18948618656512	44.3544267060183
LT_A11350	A11350_F17	LT	NA	NA	NA	NA	NA	NA	NA	NA
LT_A11352	A11352_B17	LT	NA	NA	NA	NA	NA	NA	NA	NA
LT_A11354	A11354_H17	LT	-2.59395293788345	47.3395366331337	NA	NA	NA	NA	NA	NA
LT_A11357	A11357_J17	LT	NA	NA	NA	NA	NA	NA	NA	NA
LT_A11359	A11359_L17	LT	-2.60817392685418	47.3903750388783	NA	NA	NA	NA	NA	NA
LT_A11360	A11360_D17	LT	NA	NA	NA	NA	NA	NA	NA	NA
LT_A11361	A11361_F17	LT	-2.57338869020549	47.2575376441546	-2.0736340521688	44.1738892042337	-7.31984401897593	43.8461718862008	-4.03136001922102	45.4265074389975
LT_A11365	A11365_H17	LT	NA	NA	NA	NA	NA	NA	NA	NA
LT_A11368	A11368_J17	LT	NA	NA	NA	NA	NA	NA	NA	NA
LT_A11375	A11375_L17	LT	-2.64758968220878	47.4309487664568	-2.83250215469275	47.3705177444489	NA	NA	NA	NA
LT_A11376	A11376_N17	LT	-2.59386680067667	47.3199055124558	-2.4585641706171	47.2109382379345	NA	NA	NA	NA
LT_A11377	A11377_N17	LT	NA	NA	NA	NA	NA	NA	NA	NA
LT_A11383	A11383_P17	LT	-2.62539781080256	47.2905742189331	-2.81367539005678	46.5527366142284	-4.43816884869448	46.0644422656346	-3.78941938246579	46.4413999315246
LT_A11385	A11385_P17	LT	NA	NA	NA	NA	NA	NA	NA	NA
LT_A11387	A11387_B19	LT	-8.5070130864276	43.0714070317054	-9.99211626209124	41.9860937224669	-9.98774022137563	41.987995315406	-9.99471360875448	41.9868812648961
LT_A11388	A11388_D19	LT	-2.62769627574058	47.3156442616535	-3.15709413157533	45.9547648238073	-2.92601960867249	46.6936125238223	-2.77354171175811	45.8181448970904
LT_A11391	A11391_F19	LT	-2.58986146919315	47.2817188980471	-2.16053922595702	44.0825775326672	NA	NA	NA	NA
LT_A11394	A11394_H19	LT	NA	NA	NA	NA	NA	NA	NA	NA
LT_A11395	A11395_J19	LT	-2.52464176077904	47.3455583466742	-2.33358122772181	46.9052447013486	-2.7815065540762	47.607330456116	NA	NA
NO_A10527	A10527_B19	NO	NA	NA	NA	NA	NA	NA	NA	NA
NO_A10642	A10642_D19	NO	NA	NA	NA	NA	NA	NA	NA	NA
NO_A10671	A10671_L19	NO	-3.67647506608789	48.5274757429865	-2.79659503317039	46.7770790091579	NA	NA	NA	NA
NO_A10691	A10691_F19	NO	NA	NA	NA	NA	NA	NA	NA	NA
NO_A10720	A10720_N19	NO	-3.60795051290049	48.3832639982318	-3.05446145227136	47.1785798904747	NA	NA	NA	NA
NO_A10767	A10767_P19	NO	-2.28389283235369	46.8087502124795	-2.44168915468768	46.6787927923371	-2.26746565827723	46.8098514917462	-2.52117884981253	47.0232632107402
NO_A10788	A10788_H19	NO	-2.3555381118869	47.2260318263608	NA	NA	NA	NA	NA	NA
NO_A11031	A11031_J19	NO	NA	NA	NA	NA	NA	NA	NA	NA
NO_A11147	A11147_L19	NO	NA	NA	NA	NA	NA	NA	NA	NA
NO_A12554	A12554_B21	NO	-2.41894152213084	47.0628323338987	NA	NA	NA	NA	NA	NA
NO_A12561	A12561_N19	NO	NA	NA	NA	NA	NA	NA	NA	NA
NO_A12587	A12587_D21	NO	-2.68460785147494	47.4449560458796	-3.56901707343008	47.2529269052512	NA	NA	NA	NA
NO_A12596	A12596_F21	NO	-3.99321766529838	47.5303110890484	-2.98435867584297	46.6544381387702	NA	NA	NA	NA
NO_A12604	A12604_P19	NO	NA	NA	NA	NA	NA	NA	NA	NA
NO_A12606	A12606_B21	NO	NA	NA	NA	NA	NA	NA	NA	NA
NO_A12607	A12607_D21	NO	NA	NA	NA	NA	NA	NA	NA	NA
NO_A12628	A12628_H21	NO	-3.06852765399743	47.2917890069814	-2.82984922830938	46.5883942373416	-3.20037317554286	49.227411906566	-2.10880207168203	45.879996240059
NO_A12642	A12642_J21	NO	-3.07855409524168	47.2667372561135	-8.17423506309115	45.1961765314709	NA	NA	NA	NA
NO_A12647	A12647_F21	NO	NA	NA	NA	NA	NA	NA	NA	NA
NO_A12655	A12655_L21	NO	-2.15597730876923	47.0626816655301	-2.34962380117225	47.0855697193984	NA	NA	NA	NA
NO_A12658	A12658_H21	NO	NA	NA	NA	NA	NA	NA	NA	NA
NO_A12661	A12661_N21	NO	-2.72926565238853	47.3255953416376	NA	NA	NA	NA	NA	NA
NO_A12663	A12663_P21	NO	-3.12077486478258	47.2354537316034	-2.49401281011804	45.6922735903732	-3.46799055127958	47.2445165338849	-2.50969115532063	45.7126135298566
NO_A12664	A12664_B23	NO	-2.13274182924114	47.0504308681821	NA	NA	NA	NA	NA	NA
NO_A12666	A12666_D23	NO	-2.3962180331105	47.0590651666355	NA	NA	NA	NA	NA	NA
NO_A12667	A12667_F23	NO	-2.34430970889847	47.1439833270526	-3.00612191225162	47.4923135755543	-2.60667156531843	47.3884438221614	NA	NA
NO_A12670	A12670_H23	NO	-2.2966237872136	46.8516097371185	-2.30344257804735	46.828188978973	-2.18424842036375	47.0366073129174	NA	NA
NO_A12671	A12671_J21	NO	NA	NA	NA	NA	NA	NA	NA	NA
NO_A12672	A12672_L21	NO	NA	NA	NA	NA	NA	NA	NA	NA
NO_A12673	A12673_N21	NO	-2.3783197179687	47.021018299052	NA	NA	NA	NA	NA	NA
NO_A12674	A12674_J23	NO	-2.36460095601584	47.225135831257	-2.32848216019559	46.3850384203725	-2.69735532188624	47.4330620878581	-3.30301046455086	47.4459420009489
NO_A12675	A12675_P21	NO	NA	NA	NA	NA	NA	NA	NA	NA
NO_A12677	A12677_B23	NO	NA	NA	NA	NA	NA	NA	NA	NA
NO_A12678	A12678_D23	NO	NA	NA	NA	NA	NA	NA	NA	NA
NO_A12679	A12679_F23	NO	NA	NA	NA	NA	NA	NA	NA	NA
NO_A12680	A12680_H23	NO	-4.41147704866615	47.554509951727	NA	NA	NA	NA	NA	NA
NO_A12681	A12681_L23	NO	-3.17999588659695	47.339024900554	-6.10747558119473	45.9516810906104	-3.51611013951065	49.0402738623952	-5.035961327772	43.6470731004046
NO_A12682	A12682_J23	NO	NA	NA	NA	NA	NA	NA	NA	NA
NO_A12683	A12683_N23	NO	-2.35093841652749	47.0334917150531	-2.18550297579713	46.7586775298852	-2.72940443633073	47.606227281811	-2.39144927140674	46.6879077312475
NO_A12684	A12684_L23	NO	NA	NA	NA	NA	NA	NA	NA	NA
NO_A12685	A12685_N23	NO	NA	NA	NA	NA	NA	NA	NA	NA
NO_A12686	A12686_P23	NO	-2.16999954843296	47.0589907064495	NA	NA	NA	NA	NA	NA
NO_A12700	A12700_B2	NO	NA	NA	NA	NA	NA	NA	NA	NA
NO_A12704	A12704_B2	NO	-2.26966764455676	46.7711092979294	-3.12270991181595	46.595837374544	-2.1967823713234	46.7675903367127	-2.58786771720866	46.1777965484366
NO_A12707	A12707_D2	NO	NA	NA	NA	NA	NA	NA	NA	NA
NO_A12708	A12708_P23	NO	NA	NA	NA	NA	NA	NA	NA	NA
NO_A12710	A12710_D2	NO	-2.23137475837511	47.0877926293253	NA	NA	NA	NA	NA	NA
NO_A12712	A12712_F2	NO	NA	NA	NA	NA	NA	NA	NA	NA
NO_A12713	A12713_H2	NO	-2.37118256555218	47.0552043838273	NA	NA	NA	NA	NA	NA
NO_A12714	A12714_J2	NO	NA	NA	NA	NA	NA	NA	NA	NA
NO_A12715	A12715_L2	NO	NA	NA	NA	NA	NA	NA	NA	NA
NO_A12716	A12716_N2	NO	NA	NA	NA	NA	NA	NA	NA	NA
NO_A12717	A12717_P2	NO	NA	NA	NA	NA	NA	NA	NA	NA
NO_A12718	A12718_B4	NO	NA	NA	NA	NA	NA	NA	NA	NA
NO_A12719	A12719_D4	NO	NA	NA	NA	NA	NA	NA	NA	NA
NO_A12721	A12721_F4	NO	NA	NA	NA	NA	NA	NA	NA	NA
NO_A12722	A12722_H4	NO	NA	NA	NA	NA	NA	NA	NA	NA
NO_A12723	A12723_F2	NO	-2.2972453378266	46.8422226518793	-2.50288739118006	46.789812920321	NA	NA	NA	NA
NO_A12724	A12724_H2	NO	-2.37655845311804	47.2296475445133	NA	NA	NA	NA	NA	NA
NO_A12725	A12725_J2	NO	-2.86549867543018	47.1250753143367	-2.30267299434502	46.7381558165707	NA	NA	NA	NA
NO_A12726	A12726_L2	NO	-5.42225297635195	47.2073105459949	-4.76429886251042	48.1227118989482	NA	NA	NA	NA
NO_A12727	A12727_J4	NO	NA	NA	NA	NA	NA	NA	NA	NA
NO_A12728	A12728_N2	NO	-2.42034147136106	46.957999061786	-4.35258478830002	52.58791458068	-2.04525012073452	46.7231461228727	NA	NA
NO_A12729	A12729_L4	NO	NA	NA	NA	NA	NA	NA	NA	NA
NO_A12731	A12731_P2	NO	-2.18289853326259	47.0326904490205	-2.62799355687398	46.1925841287845	NA	NA	NA	NA
NO_A12732	A12732_N4	NO	NA	NA	NA	NA	NA	NA	NA	NA
NO_A12734	A12734_P4	NO	NA	NA	NA	NA	NA	NA	NA	NA
NO_A12736	A12736_B6	NO	NA	NA	NA	NA	NA	NA	NA	NA
NO_A12737	A12737_D6	NO	NA	NA	NA	NA	NA	NA	NA	NA
NO_A12738	A12738_F6	NO	NA	NA	NA	NA	NA	NA	NA	NA
NO_A12739	A12739_H6	NO	NA	NA	NA	NA	NA	NA	NA	NA
NO_A12740	A12740_B4	NO	-2.36386802623021	46.9859272048453	-1.57069939459929	46.2790197145992	NA	NA	NA	NA
NO_A12741	A12741_J6	NO	NA	NA	NA	NA	NA	NA	NA	NA
NO_A12742	A12742_L6	NO	-2.38162159350755	47.0580305109617	NA	NA	NA	NA	NA	NA
NO_A12743	A12743_N6	NO	NA	NA	NA	NA	NA	NA	NA	NA
NO_A12744	A12744_D4	NO	-2.36978635849606	47.0400337725112	-2.14796945459022	46.7727589821912	-2.10084258015789	46.8249898159138	-2.87695455722346	46.2656498750228
NO_A12746	A12746_P6	NO	NA	NA	NA	NA	NA	NA	NA	NA
NO_A12747	A12747_F4	NO	-1.69496067848916	46.5134891654525	-1.96161860252526	46.4929970057797	-2.28487901727676	47.0892120278649	NA	NA
OL_A12454	A12454_F8	OL	NA	NA	NA	NA	NA	NA	NA	NA
OL_A12455	A12455_H8	OL	NA	NA	NA	NA	NA	NA	NA	NA
OL_A12457	A12457_H4	OL	-1.1838017414663	46.1892155392762	-3.77026484444729	46.2730280039968	-3.24280171430895	47.6027926721727	-3.19980354585096	46.8130113928875
OL_A12458	A12458_J8	OL	NA	NA	NA	NA	NA	NA	NA	NA
OL_A12459	A12459_J4	OL	-2.1517611221461	46.9453171298743	-4.16224578481345	46.9249137427202	-1.17347650550984	45.8026123378713	NA	NA
OL_A12460	A12460_L4	OL	-1.12665539240905	45.9117044032883	-2.11656612227845	45.3275208953836	-3.94601090525083	47.8653657902506	-2.28617450586276	45.9545723533411
OL_A12461	A12461_N4	OL	-1.23785760052296	46.2650993631298	NA	NA	NA	NA	NA	NA
OL_A12463	A12463_L8	OL	NA	NA	NA	NA	NA	NA	NA	NA
OL_A12465	A12465_P4	OL	-1.72424325940805	46.4628546297645	NA	NA	NA	NA	NA	NA
OL_A12467	A12467_B6	OL	NA	NA	NA	NA	NA	NA	NA	NA
OL_A12469	A12469_N8	OL	NA	NA	NA	NA	NA	NA	NA	NA
OL_A12471	A12471_P8	OL	NA	NA	NA	NA	NA	NA	NA	NA
OL_A12472	A12472_B10	OL	NA	NA	NA	NA	NA	NA	NA	NA
OL_A12478	A12478_D6	OL	-1.23191566455166	45.8110780736409	-1.48729322513047	43.9725977539343	NA	NA	NA	NA
OL_A12480	A12480_D10	OL	NA	NA	NA	NA	NA	NA	NA	NA
OL_A12481	A12481_F6	OL	-1.14854005515173	46.1851841036719	-2.82198617016363	45.7932362830288	NA	NA	NA	NA
OL_A12483	A12483_H6	OL	-1.17446086902542	45.929643631094	-1.47892281501354	45.7249315394708	NA	NA	NA	NA
OL_A12484	A12484_J6	OL	-1.1750771258162	45.9260209632997	-1.50100406916466	45.6999861336556	-2.11402213119425	47.1580582696535	-2.50492192111582	46.2463538773419
OL_A12485	A12485_F10	OL	NA	NA	NA	NA	NA	NA	NA	NA
OL_A12486_1	A12486_1_L6	OL	NA	NA	NA	NA	NA	NA	NA	NA
OL_A12486_2	A12486_2_N6	OL	NA	NA	NA	NA	NA	NA	NA	NA
OL_A12487	A12487_P6	OL	-1.17233476454357	45.8715608037528	-4.3198878878716	46.4299736860984	-2.05019267675829	46.8306276732169	-2.45455078484925	45.8984540903455
OL_A12488	A12488_B8	OL	NA	NA	NA	NA	NA	NA	NA	NA
OL_A12489	A12489_H10	OL	NA	NA	NA	NA	NA	NA	NA	NA
OL_A12490	A12490_D8	OL	-1.12838761957418	46.0973030509646	-1.3460490126105	46.0942009994061	NA	NA	NA	NA
OL_A12491	A12491_J10	OL	NA	NA	NA	NA	NA	NA	NA	NA
OL_A12492	A12492_F8	OL	-1.17705797487816	46.1317031278325	NA	NA	NA	NA	NA	NA
OL_A12494	A12494_H8	OL	-1.84794096595274	46.7005833325374	-9.71423013024972	46.5836486096625	NA	NA	NA	NA
OL_A12495	A12495_L10	OL	NA	NA	NA	NA	NA	NA	NA	NA
OL_A12496	A12496_N10	OL	NA	NA	NA	NA	NA	NA	NA	NA
OL_A12497	A12497_J8	OL	-1.68156498369108	46.4262477076655	NA	NA	NA	NA	NA	NA
OL_A12499	A12499_L8	OL	-1.15188645323796	46.1732860805484	-1.78720258031259	44.8886200315139	-1.48492165335597	44.0207660557573	-3.50923797789129	47.345767651613
OL_A12500	A12500_N8	OL	-1.15616108280768	46.2820584039572	-1.75457346228924	44.7206215302031	-1.4281268407186	45.974504763607	NA	NA
OL_A12501	A12501_P10	OL	NA	NA	NA	NA	NA	NA	NA	NA
OL_A12502	A12502_B12	OL	NA	NA	NA	NA	NA	NA	NA	NA
OL_A12503	A12503_D12	OL	NA	NA	NA	NA	NA	NA	NA	NA
OL_A12504	A12504_F12	OL	NA	NA	NA	NA	NA	NA	NA	NA
OL_A12505	A12505_P8	OL	-1.17896885017306	46.1644456555315	NA	NA	NA	NA	NA	NA
OL_A12506	A12506_H12	OL	NA	NA	NA	NA	NA	NA	NA	NA
OL_A12507	A12507_J12	OL	NA	NA	NA	NA	NA	NA	NA	NA
OL_A12508	A12508_B10	OL	-1.18721366186944	46.1919457527163	-1.24674919008232	46.0358315006298	NA	NA	NA	NA
OL_A12511	A12511_L12	OL	NA	NA	NA	NA	NA	NA	NA	NA
OL_A12512	A12512_D10	OL	NA	NA	NA	NA	NA	NA	NA	NA
OL_A12516	A12516_F10	OL	-0.784311727321998	45.2675436813856	NA	NA	NA	NA	NA	NA
OL_A12521	A12521_H10	OL	-1.18007221197502	45.9129923164398	-1.10225162998134	45.9039957631409	NA	NA	NA	NA
OL_A12522	A12522_N12	OL	NA	NA	NA	NA	NA	NA	NA	NA
OL_A12528	A12528_J10	OL	-1.17916918901222	46.1885742625028	-2.17563956231716	45.1686240774011	-1.93199333526411	46.8138942598594	-2.6697918832824	45.9694456748255
OL_A12529	A12529_P12	OL	NA	NA	NA	NA	NA	NA	NA	NA
OL_A12532	A12532_L10	OL	-1.16432296084718	45.8121737128483	NA	NA	NA	NA	NA	NA
OL_A12533	A12533_B14	OL	NA	NA	NA	NA	NA	NA	NA	NA
OL_A12534	A12534_D14	OL	NA	NA	NA	NA	NA	NA	NA	NA
OL_A12535	A12535_F14	OL	NA	NA	NA	NA	NA	NA	NA	NA
OL_A12536	A12536_H14	OL	NA	NA	NA	NA	NA	NA	NA	NA
OL_A12541	A12541_N10	OL	-1.25330899311931	46.0906229553717	-1.63761473920158	46.2694716333609	NA	NA	NA	NA
OL_A12544	A12544_P10	OL	-1.13563444929844	46.181183906568	-1.43664185359657	45.9832738826522	NA	NA	NA	NA
OL_A12546	A12546_B12	OL	-1.34858624869549	46.2381234085947	-1.97272581671453	46.6185445512819	-1.96589678445675	46.8206768436664	-1.39167284645424	46.0336447921845
OL_A12548	A12548_B8	OL	NA	NA	NA	NA	NA	NA	NA	NA
OL_A12549	A12549_D12	OL	-1.16247118061595	46.1718346917378	NA	NA	NA	NA	NA	NA
OL_A12553	A12553_J14	OL	NA	NA	NA	NA	NA	NA	NA	NA
OL_A12555	A12555_L14	OL	NA	NA	NA	NA	NA	NA	NA	NA
OL_A12556	A12556_F12	OL	-1.18346583223843	46.157045819811	-2.52718093176631	47.2748825070464	-1.35898264281478	46.0541147980535	-1.47411523558524	46.2633163953166
OL_A12559	A12559_D8	OL	NA	NA	NA	NA	NA	NA	NA	NA
OL_A12562	A12562_H12	OL	NA	NA	NA	NA	NA	NA	NA	NA
OL_A12563	A12563_N14	OL	-1.40545229932851	46.0892956618504	-1.80465840679885	46.3984619950628	NA	NA	NA	NA
OL_A12566	A12566_P14	OL	NA	NA	NA	NA	NA	NA	NA	NA
OL_A12568	A12568_J12	OL	NA	NA	NA	NA	NA	NA	NA	NA
OL_A12569	A12569_B16	OL	NA	NA	NA	NA	NA	NA	NA	NA
OL_A12572	A12572_D16	OL	NA	NA	NA	NA	NA	NA	NA	NA
OL_A12574	A12574_F16	OL	NA	NA	NA	NA	NA	NA	NA	NA
OL_A12575	A12575_L12	OL	-1.18664958541601	45.8071780579541	-1.2113615731689	46.2114310983573	-1.98513591593217	46.7807947062946	NA	NA
OL_A12577	A12577_H16	OL	NA	NA	NA	NA	NA	NA	NA	NA
OL_A12579	A12579_N12	OL	-1.16928350899772	46.1117729963691	-4.15375602831641	47.8069908154846	NA	NA	NA	NA
OL_A12580	A12580_P12	OL	-1.25757132616171	45.8520789864086	-1.17086777285287	45.5198913554271	-2.10464574445984	46.7890700468496	-3.51512220726395	47.7326114180602
OL_A12581	A12581_B14	OL	-1.24428115985424	45.8541114523102	-1.86870774741881	46.4976568350972	-4.00399473768006	47.8687586070432	NA	NA
OL_A12582	A12582_J16	OL	NA	NA	NA	NA	NA	NA	NA	NA
OL_A12592	A12592_L16	OL	NA	NA	NA	NA	NA	NA	NA	NA
OL_A12594	A12594_N16	OL	NA	NA	NA	NA	NA	NA	NA	NA
OL_A12601	A12601_P16	OL	NA	NA	NA	NA	NA	NA	NA	NA
OL_A12603	A12603_B18	OL	NA	NA	NA	NA	NA	NA	NA	NA
PB_A11983	A11983_G13	PB	3.97124115974045	52.6990468468629	-1.34814981252018	50.1636557512659	NA	NA	NA	NA
PB_A11984	A11984_I21	PB	NA	NA	NA	NA	NA	NA	NA	NA
PB_A11986	A11986_I13	PB	-1.73465091091228	49.6038682833671	-5.45477503294001	48.0571672499268	NA	NA	NA	NA
PB_A11987	A11987_K21	PB	NA	NA	NA	NA	NA	NA	NA	NA
PB_A11988	A11988_K13	PB	-0.692046211504179	49.4228568979401	NA	NA	NA	NA	NA	NA
PB_A11989	A11989_M21	PB	NA	NA	NA	NA	NA	NA	NA	NA
PB_A11990	A11990_O21	PB	NA	NA	NA	NA	NA	NA	NA	NA
PB_A11991	A11991_M13	PB	-0.773123422735435	49.6489957510778	-4.46852806664263	49.1147456537675	-2.80357676339685	48.836296233762	-3.90528698356318	49.3867258483477
PB_A11993	A11993_O13	PB	3.76108058767971	52.3383170384667	-1.00038563885391	50.2872890409456	NA	NA	NA	NA
PB_A11994	A11994_A23	PB	NA	NA	NA	NA	NA	NA	NA	NA
PB_A11995	A11995_A15	PB	0.758231618937913	50.1860168096667	NA	NA	NA	NA	NA	NA
PB_A11997	A11997_C15	PB	-1.30368081992312	49.6636935280697	-3.83093261926317	49.3876447111308	-1.84676840457685	49.2433580240631	-2.8037276603078	49.723817928033
PB_A11998	A11998_C23	PB	NA	NA	NA	NA	NA	NA	NA	NA
PB_A11999	A11999_E15	PB	-0.385757796915023	49.5879033273131	-4.57871691045116	49.0451899108186	NA	NA	NA	NA
PB_A12000	A12000_G15	PB	NA	NA	NA	NA	NA	NA	NA	NA
PB_A12001	A12001_E23	PB	NA	NA	NA	NA	NA	NA	NA	NA
PB_A12002	A12002_G23	PB	NA	NA	NA	NA	NA	NA	NA	NA
PB_A12003	A12003_I23	PB	NA	NA	NA	NA	NA	NA	NA	NA
PB_A12005	A12005_K23	PB	NA	NA	NA	NA	NA	NA	NA	NA
PB_A12006	A12006_I15	PB	NA	NA	NA	NA	NA	NA	NA	NA
PB_A12007	A12007_K15	PB	4.2061803823223	52.6664034740721	2.85870573519934	52.1945500029272	NA	NA	NA	NA
PB_A12008	A12008_M23	PB	NA	NA	NA	NA	NA	NA	NA	NA
PB_A12009	A12009_M15	PB	NA	NA	NA	NA	NA	NA	NA	NA
PB_A12011	A12011_O15	PB	2.76782699377504	51.6449540809617	-1.03116653716428	50.2360211045069	NA	NA	NA	NA
PB_A12013	A12013_O23	PB	NA	NA	NA	NA	NA	NA	NA	NA
PB_A12014	A12014_A2	PB	NA	NA	NA	NA	NA	NA	NA	NA
PB_A12015	A12015_A17	PB	-0.567868724474178	49.5735028719095	-3.83406321984857	49.5094945041747	NA	NA	NA	NA
PB_A12016	A12016_C2	PB	NA	NA	NA	NA	NA	NA	NA	NA
PB_A12019	A12019_C17	PB	NA	NA	NA	NA	NA	NA	NA	NA
PB_A12020	A12020_E2	PB	NA	NA	NA	NA	NA	NA	NA	NA
PB_A12021	A12021_E17	PB	3.47377659888468	52.2657074817907	-1.53458455537268	50.1984973047436	1.58394570021656	51.2254784386427	NA	NA
PB_A12024_1	A12024_1_G2	PB	NA	NA	NA	NA	NA	NA	NA	NA
PB_A12024_2	A12024_2_I2	PB	NA	NA	NA	NA	NA	NA	NA	NA
PB_A12025	A12025_G17	PB	-0.466074463397163	49.582820991757	NA	NA	NA	NA	NA	NA
PB_A12026	A12026_I17	PB	4.02216505917134	52.6427195210046	-5.16680997937168	48.5364030713855	NA	NA	NA	NA
PB_A12027	A12027_K17	PB	NA	NA	NA	NA	NA	NA	NA	NA
PB_A12029	A12029_K2	PB	NA	NA	NA	NA	NA	NA	NA	NA
PB_A12030	A12030_M17	PB	-0.536719829963181	49.5034640604302	NA	NA	NA	NA	NA	NA
PB_A12031	A12031_O17	PB	-1.27392315914156	49.6182502747879	-5.33017050700657	48.1668583727942	NA	NA	NA	NA
PB_A12033	A12033_A19	PB	-1.14114488719205	49.5173600443277	NA	NA	NA	NA	NA	NA
PB_A12034	A12034_C19	PB	2.99433047413245	51.571776783027	-4.28969578450174	47.0204715682193	NA	NA	NA	NA
PB_A12035	A12035_M2	PB	NA	NA	NA	NA	NA	NA	NA	NA
PB_A12036	A12036_E19	PB	NA	NA	NA	NA	NA	NA	NA	NA
PB_A12037	A12037_G19	PB	2.87625142969147	51.4088094525577	-1.22002565358974	50.1755039551928	NA	NA	NA	NA
PB_A12039	A12039_O2	PB	NA	NA	NA	NA	NA	NA	NA	NA
PB_A12041	A12041_I19	PB	-1.0725302485019	49.3331830842874	-3.080727773109	49.5618369886393	-4.0463013402618	47.8777381182438	-2.61159754356399	49.7277497665598
PB_A12043	A12043_A4	PB	NA	NA	NA	NA	NA	NA	NA	NA
PB_A12044	A12044_K19	PB	NA	NA	NA	NA	NA	NA	NA	NA
PB_A12045	A12045_C4	PB	NA	NA	NA	NA	NA	NA	NA	NA
PB_A12046	A12046_E4	PB	NA	NA	NA	NA	NA	NA	NA	NA
PB_A12047	A12047_M19	PB	-1.97303889054169	48.8235908749567	-3.83675097947208	49.2235285771665	3.33246216497809	52.0731994421969	-2.69189089915932	49.7394280715969
PB_A12048	A12048_G4	PB	NA	NA	NA	NA	NA	NA	NA	NA
PB_A12049	A12049_I4	PB	NA	NA	NA	NA	NA	NA	NA	NA
PB_A12050	A12050_K4	PB	NA	NA	NA	NA	NA	NA	NA	NA
PB_A12051	A12051_M4	PB	NA	NA	NA	NA	NA	NA	NA	NA
PB_A12052	A12052_O19	PB	-1.93565574017213	48.8702091836201	-5.28938674898573	48.2552036130264	-2.66971601923671	48.6753093446748	-5.80089106736026	48.1695773509453
PB_A12053	A12053_O4	PB	NA	NA	NA	NA	NA	NA	NA	NA
PB_A12055	A12055_A6	PB	NA	NA	NA	NA	NA	NA	NA	NA
PB_A12056	A12056_C6	PB	NA	NA	NA	NA	NA	NA	NA	NA
PB_A12057	A12057_E6	PB	NA	NA	NA	NA	NA	NA	NA	NA
PB_A12060	A12060_A21	PB	NA	NA	NA	NA	NA	NA	NA	NA
PB_A12062	A12062_G6	PB	NA	NA	NA	NA	NA	NA	NA	NA
PB_A12063	A12063_I6	PB	NA	NA	NA	NA	NA	NA	NA	NA
PB_A12065	A12065_K6	PB	NA	NA	NA	NA	NA	NA	NA	NA
PB_A12066	A12066_M6	PB	NA	NA	NA	NA	NA	NA	NA	NA
PB_A12067	A12067_O6	PB	NA	NA	NA	NA	NA	NA	NA	NA
PB_A12069	A12069_C21	PB	NA	NA	NA	NA	NA	NA	NA	NA
PB_A12072	A12072_A8	PB	NA	NA	NA	NA	NA	NA	NA	NA
PB_A12073	A12073_C8	PB	NA	NA	NA	NA	NA	NA	NA	NA
PB_A12074	A12074_E8	PB	NA	NA	NA	NA	NA	NA	NA	NA
PB_A12075	A12075_G8	PB	NA	NA	NA	NA	NA	NA	NA	NA
PB_A12079	A12079_E21	PB	-0.561710791711875	49.4645868518924	NA	NA	NA	NA	NA	NA
PB_A12082	A12082_G21	PB	-1.93235145624993	49.1423506888092	-3.81893879873272	47.3369166186405	-1.70875809646753	48.9377497978729	-5.36050141475006	48.383048886715
PB_A12083	A12083_I21	PB	-1.23386820830036	49.7495641981448	-5.13029655493616	47.9368560665294	NA	NA	NA	NA
SM_A12611	A12611_G22	SM	NA	NA	NA	NA	NA	NA	NA	NA
SM_A12612	A12612_K4	SM	-2.15408097392563	48.597654019656	-4.71664621211942	48.7809709955731	-4.03119313965917	48.8391255109609	-4.47611791740882	48.7285806250924
SM_A12615	A12615_I22	SM	NA	NA	NA	NA	NA	NA	NA	NA
SM_A12620	A12620_K22	SM	NA	NA	NA	NA	NA	NA	NA	NA
SM_A12622	A12622_M22	SM	NA	NA	NA	NA	NA	NA	NA	NA
SM_A12625	A12625_O22	SM	NA	NA	NA	NA	NA	NA	NA	NA
SM_A12627	A12627_A24	SM	NA	NA	NA	NA	NA	NA	NA	NA
SM_A12631	A12631_M4	SM	NA	NA	NA	NA	NA	NA	NA	NA
SM_A12633	A12633_C24	SM	NA	NA	NA	NA	NA	NA	NA	NA
SM_A12635	A12635_E24	SM	NA	NA	NA	NA	NA	NA	NA	NA
SM_A12636	A12636_G24	SM	NA	NA	NA	NA	NA	NA	NA	NA
SM_A12641	A12641_I24	SM	NA	NA	NA	NA	NA	NA	NA	NA
SM_A12645	A12645_O4	SM	NA	NA	NA	NA	NA	NA	NA	NA
SM_A12652	A12652_K24	SM	NA	NA	NA	NA	NA	NA	NA	NA
SM_A12656	A12656_A6	SM	NA	NA	NA	NA	NA	NA	NA	NA
SM_A12657	A12657_M24	SM	NA	NA	NA	NA	NA	NA	NA	NA
SQ_A09537	A09537_C6	SQ	NA	NA	NA	NA	NA	NA	NA	NA
SQ_A09540	A09540_E6	SQ	-3.22944647291115	49.063875082728	NA	NA	NA	NA	NA	NA
SQ_A09544	A09544_O24	SQ	NA	NA	NA	NA	NA	NA	NA	NA
SQ_A10652	A10652_G6	SQ	NA	NA	NA	NA	NA	NA	NA	NA
SQ_A10668	A10668_I6	SQ	NA	NA	NA	NA	NA	NA	NA	NA
SQ_A10669	A10669_K6	SQ	NA	NA	NA	NA	NA	NA	NA	NA
SQ_A10670	A10670_B1	SQ	NA	NA	NA	NA	NA	NA	NA	NA
SQ_A10672	A10672_M6	SQ	-2.93442468728152	48.9386671795552	-3.23697026649129	46.0009576498609	-2.90231391404099	48.9720848317612	-5.52266281471083	47.7895673602608
SQ_A10679	A10679_O6	SQ	-2.83000837581545	48.8928409709506	NA	NA	NA	NA	NA	NA
SQ_A10680	A10680_D1	SQ	NA	NA	NA	NA	NA	NA	NA	NA
SQ_A10682	A10682_A8	SQ	-0.845569013505404	49.5620022900451	-5.46897519393425	48.1198357343766	NA	NA	NA	NA
SQ_A10684	A10684_F1	SQ	NA	NA	NA	NA	NA	NA	NA	NA
SQ_A10686	A10686_C8	SQ	-2.78579849392226	48.8687278984525	-2.40226397710589	45.0206491728196	-2.94709276831985	48.9743319607178	-2.38480972588364	45.142191670071
SQ_A10688	A10688_H1	SQ	NA	NA	NA	NA	NA	NA	NA	NA
SQ_A10689	A10689_E8	SQ	NA	NA	NA	NA	NA	NA	NA	NA
SQ_A10690	A10690_G8	SQ	NA	NA	NA	NA	NA	NA	NA	NA
SQ_A10691	A10691_I8	SQ	-2.93352479996231	48.9264089638347	-1.7539702100951	44.4275371943921	NA	NA	NA	NA
SQ_A10696	A10696_K8	SQ	-2.97974477275224	48.9302945507168	-1.61477346479494	45.2867664596785	NA	NA	NA	NA
SQ_A10699	A10699_M8	SQ	-2.93560679158946	48.9312775323953	-6.07677138101265	47.8413711706178	NA	NA	NA	NA
SQ_A10700	A10700_O8	SQ	-2.80070166196279	48.8572163360123	-4.48021984532512	48.6833213167586	-2.93705970247681	48.9225499984233	-4.7194027280673	47.8649213502191
SQ_A10701	A10701_A10	SQ	-2.85949448318227	48.8942331305327	-3.82136333071911	45.5671816545376	-2.94267455329579	48.9798888588945	-3.41957487369595	45.279679656768
SQ_A10706	A10706_C10	SQ	-2.80797364144605	48.674591760024	NA	NA	NA	NA	NA	NA
SQ_A10707	A10707_J1	SQ	NA	NA	NA	NA	NA	NA	NA	NA
SQ_A10712	A10712_E10	SQ	-2.89075737271521	48.9286179521743	-2.84084461943387	45.7225053464472	NA	NA	NA	NA
SQ_A10713	A10713_G10	SQ	NA	NA	NA	NA	NA	NA	NA	NA
SQ_A10715	A10715_I10	SQ	-2.89566389285616	48.9270293484949	-5.3288637874342	46.7903717647166	NA	NA	NA	NA
SQ_A10716	A10716_K10	SQ	-1.14921332055892	49.6787222016508	-2.5969625551145	45.9820829729328	NA	NA	NA	NA
SQ_A10717	A10717_L1	SQ	NA	NA	NA	NA	NA	NA	NA	NA
SQ_A10718	A10718_N1	SQ	NA	NA	NA	NA	NA	NA	NA	NA
SQ_A10719	A10719_P1	SQ	NA	NA	NA	NA	NA	NA	NA	NA
SQ_A10722	A10722_M10	SQ	-2.93599456048983	48.9337253671328	-2.29644319111567	44.1985701657254	NA	NA	NA	NA
SQ_A10723	A10723_B3	SQ	NA	NA	NA	NA	NA	NA	NA	NA
SQ_A10724	A10724_O10	SQ	-2.89300897114037	48.9302559715151	NA	NA	NA	NA	NA	NA
SQ_A10726	A10726_D3	SQ	NA	NA	NA	NA	NA	NA	NA	NA
SQ_A10729	A10729_A12	SQ	NA	NA	NA	NA	NA	NA	NA	NA
SQ_A10730	A10730_B7	SQ	NA	NA	NA	NA	NA	NA	NA	NA
SQ_A10731	A10731_C12	SQ	-2.94827364301252	48.9287498561047	-6.05647773015601	47.6023293262494	-1.92016768607962	49.8704128931451	-6.57217845491767	47.3386365075126
SQ_A10732	A10732_E12	SQ	NA	NA	NA	NA	NA	NA	NA	NA
SQ_A10733_1	A10733_1_F3	SQ	NA	NA	NA	NA	NA	NA	NA	NA
SQ_A10733_2	A10733_2_H3	SQ	NA	NA	NA	NA	NA	NA	NA	NA
SQ_A10740	A10740_G12	SQ	-2.89484716263873	48.933612887231	-5.28661994387748	47.0982173380094	-2.97492520232083	48.9890342722218	-6.07556360996285	47.1220564340345
SQ_A10742	A10742_J3	SQ	NA	NA	NA	NA	NA	NA	NA	NA
SQ_A10743	A10743_I12	SQ	-2.9472612959039	48.9324482087097	-3.39036993124	45.6343194329182	NA	NA	NA	NA
SQ_A10744	A10744_L3	SQ	-2.92785712757549	48.9271292858621	-5.36729411469688	47.1145562970914	NA	NA	NA	NA
SQ_A10748	A10748_K12	SQ	NA	NA	NA	NA	NA	NA	NA	NA
SQ_A10750	A10750_M12	SQ	-2.9393439488469	48.9280038378674	-2.19785097838893	45.2955902609604	-2.91412490422184	48.9676481955275	-1.81429697379231	44.4342641226699
SQ_A10752	A10752_N3	SQ	NA	NA	NA	NA	NA	NA	NA	NA
SQ_A10753	A10753_O12	SQ	NA	NA	NA	NA	NA	NA	NA	NA
SQ_A10756	A10756_P3	SQ	NA	NA	NA	NA	NA	NA	NA	NA
SQ_A10758	A10758_B5	SQ	NA	NA	NA	NA	NA	NA	NA	NA
SQ_A10759	A10759_D5	SQ	NA	NA	NA	NA	NA	NA	NA	NA
SQ_A10760	A10760_F5	SQ	NA	NA	NA	NA	NA	NA	NA	NA
SQ_A10761	A10761_D7	SQ	NA	NA	NA	NA	NA	NA	NA	NA
SQ_A10762	A10762_H5	SQ	NA	NA	NA	NA	NA	NA	NA	NA
SQ_A10763	A10763_A14	SQ	-2.94144637133608	48.9271898350759	-5.223838949776	46.8052177598622	-2.97645314635647	48.9727033403041	-5.65677823905728	47.3685486278655
SQ_A10766	A10766_C14	SQ	NA	NA	NA	NA	NA	NA	NA	NA
SQ_A10767	A10767_J5	SQ	NA	NA	NA	NA	NA	NA	NA	NA
SQ_A10770	A10770_E14	SQ	NA	NA	NA	NA	NA	NA	NA	NA
SQ_A10772	A10772_L5	SQ	NA	NA	NA	NA	NA	NA	NA	NA
SQ_A10773	A10773_G14	SQ	-3.02595936298017	48.9622215259329	-5.57872655277691	46.2328286460216	-2.40257743458014	49.8210850867293	-5.22537712913437	47.6605586217396
SQ_A10774	A10774_I14	SQ	-2.94996464858108	48.9266835859558	-3.51214222579615	47.2277450009363	-2.77674194725582	48.8865999360104	-3.47002323573429	47.3681812064965
SQ_A10775	A10775_K14	SQ	-2.89342208899083	48.9306874869354	-3.80100730237564	46.1372133239525	-2.88745440332797	48.9458135705035	-4.29799437988277	46.5027682162379
SQ_A10778	A10778_N5	SQ	NA	NA	NA	NA	NA	NA	NA	NA
SQ_A10780	A10780_M14	SQ	-2.93460763548045	48.930762682434	-6.16271799787089	47.6266188360658	NA	NA	NA	NA
SQ_A10782	A10782_O14	SQ	-2.61087417706491	48.6675413723906	-5.53066783673447	47.1806799503927	NA	NA	NA	NA
SQ_A10783	A10783_A16	SQ	-2.93838021980481	48.9265055876109	-5.62934895376277	47.5486244767465	NA	NA	NA	NA
SQ_A10786	A10786_C16	SQ	-2.93397041989705	48.9282511027207	-2.95520198151087	45.8938997308222	-2.94687309501741	48.9668428224137	-4.07968740396184	47.0894261851265
SQ_A10790	A10790_E16	SQ	-2.91757290719768	48.927756392075	NA	NA	NA	NA	NA	NA
SQ_A10792	A10792_P5	SQ	NA	NA	NA	NA	NA	NA	NA	NA
SQ_A10793	A10793_G16	SQ	-2.93096348853704	48.9304216365605	NA	NA	NA	NA	NA	NA
SQ_A10795	A10795_I16	SQ	NA	NA	NA	NA	NA	NA	NA	NA
SQ_A10800	A10800_K16	SQ	-2.88997041115394	48.9318035824256	-6.17204527722382	46.7673067436773	NA	NA	NA	NA
SQ_A10810	A10810_M16	SQ	NA	NA	NA	NA	NA	NA	NA	NA

